4
4 0 6 11 10 15 0 8 13 0 0 0 0 0 0 5
12 0 0 0 0 0 0 0 0 0 8 6 0 14 0 0
0 0 0 0 13 0 11 0 0 14 7 0 3 0 2 15
3 1 0 0 0 7 0 0 0 0 0 0 0 0 0 0
0 0 0 15 0 0 0 0 0 6 0 5 0 9 14 16
0 0 7 12 0 0 6 0 8 0 0 0 0 0 5 0
1 14 16 0 8 0 0 2 12 0 0 3 0 0 0 0
6 0 0 4 0 10 12 0 0 1 0 14 0 0 0 2
0 2 9 0 0 4 0 0 0 0 0 0 0 0 0 0
0 0 12 0 0 0 0 0 2 10 0 8 11 0 0 0
0 0 0 0 0 0 0 0 15 0 4 13 6 1 0 0
0 0 11 0 0 0 1 14 0 0 6 9 0 7 13 0
0 0 0 0 3 0 0 4 7 0 0 0 13 8 0 1
16 3 0 0 0 2 0 1 4 0 13 0 0 10 15 12
10 0 0 7 9 0 0 0 0 0 0 0 0 16 11 0
0 0 0 0 0 11 10 0 16 3 0 12 0 0 0 0
