4
4 10 9 15 1 7 13 8 6 14 2 12 16 5 3 11
2 5 3 1 15 4 11 16 13 9 0 7 6 10 12 14
14 6 13 12 3 10 5 2 16 11 1 4 8 15 9 7
11 7 16 8 6 14 9 12 5 3 10 15 1 2 13 4
8 16 11 4 13 15 14 9 2 5 7 3 12 1 10 6
1 14 6 13 12 8 4 5 10 16 0 0 2 3 7 15
10 15 5 3 2 1 6 7 4 12 14 8 9 11 16 13
12 2 7 9 11 3 16 10 15 13 6 1 4 8 14 5
9 4 1 10 14 2 3 13 11 15 12 6 7 16 5 8
5 8 14 16 7 9 1 6 3 4 13 10 11 12 15 2
7 3 15 6 16 11 12 4 8 2 5 9 14 13 1 10
13 12 2 11 10 5 8 15 7 1 16 14 3 6 4 9
15 9 8 2 4 12 7 3 1 10 11 13 5 14 6 16
6 13 12 5 9 16 15 1 14 8 4 2 10 7 11 3
16 11 4 7 8 13 10 14 12 6 3 5 15 9 2 1
3 1 10 14 5 6 2 11 9 7 15 16 13 4 8 0
