4
4 12 15 2 9 3 14 11 8 10 13 1 7 5 6 0
7 5 10 6 2 8 13 0 12 14 11 9 15 4 1 3
9 1 0 8 7 10 6 15 3 2 5 4 11 12 14 13
13 11 3 14 1 4 12 5 15 6 7 0 9 2 8 10
8 7 12 1 4 9 11 2 6 3 14 5 0 10 13 15
6 15 5 4 10 13 1 7 9 0 8 11 3 14 2 12
11 13 14 3 12 6 0 8 10 15 2 7 5 9 4 1
10 9 2 0 15 14 5 3 4 13 1 12 8 11 7 6
12 3 4 5 14 0 2 10 1 8 6 15 13 7 9 11
1 10 6 11 13 7 3 9 5 12 0 14 4 8 15 2
15 0 13 7 5 11 8 1 2 9 4 10 12 6 3 14
2 14 8 9 6 12 15 4 7 11 3 13 10 1 0 5
14 4 9 10 3 2 7 13 0 5 12 6 1 15 11 8
5 2 11 13 8 1 4 12 14 7 15 3 6 0 10 9
3 6 7 15 0 5 9 14 11 1 10 8 2 13 12 4
0 8 1 12 11 15 10 6 13 4 9 2 14 3 5 7
